F1,F2,F3,B1,B2,B3,max_formant,smooth_error,time,rel_time,prop_time,id,label,file_name,group,speaker_num,point_heuristic,f0,intensity,optimized,word,stress,dur,pre_word,fol_word,pre_seg,fol_seg,abs_pre_seg,abs_fol_seg,context,sidx,sN,syl_pos,syl_open_closed
507.2266217219715,1551.9489450140743,2212.0373030441883,4.627659177807568,3.762631303440955,4.470006890532641,4256.410256410256,0.0012100714422561,0.01475,0.027,0.3214285714285714,0-0-0-0,AA1,common_voice_cv_18027008,group_0,1,fave,,41.50285017054856,3,астӑвӑр,1.0,0.06,#,ҫынсене,#,S,SIL,S,initial,,,,
626.9409355784586,1393.3835136684354,1930.881506964569,3.8390017972392543,3.419444321691183,4.1715696804505455,6051.282051282051,0.0006169901051525,2.227375,0.047,0.3263888888888889,0-0-3-7,AA1,common_voice_cv_18027008,group_0,1,fave,177.91444920710612,76.94538631138364,3,чарӑнура,1.0,0.1200000000000001,<eps>,ҫеҫ,R,#,R,ɕ,final,,,,
568.7125468083943,1278.747854985506,2842.1983587808086,4.221558540612192,3.303144705689168,3.9816329922155327,5871.794871794871,0.0012138316827685,2.911375,0.0349999999999999,0.3365384615384614,0-0-5-6,AA1,common_voice_cv_18027008,group_0,1,fave,183.86230574783437,74.26559752188102,3,антарса,1.0,0.08,ҫеҫ,хӑварма,S,#,S,χ,final,,,,
655.1662154666373,1357.2375093884568,2266.512311580996,3.773691430964648,3.4879887630694237,3.987560889637684,5333.333333333333,0.0017839799425773,3.487375,0.047,0.3263888888888889,0-0-7-3,AA1,common_voice_cv_18027008,group_0,1,fave,158.5153404804306,71.90303972217193,3,юрать,1.0,0.1199999999999996,хӑварма,<eps>,R,T,R,T,internal,,,,
492.448279834986,1342.1188054316654,2875.133376182095,4.029236372924279,2.9781239092897107,3.616667993298452,5153.846153846154,0.0001397489025424,0.6773750000000001,0.027,0.3214285714285714,0-0-0-3,AH0,common_voice_cv_18027008,group_0,1,fave,220.31150673758108,81.63741699634139,3,астӑвӑр,0.0,0.0599999999999999,#,ҫынсене,T,V,T,V,internal,,,,
281.1121545784624,2267.603718324826,3075.6888849472025,3.034983835190178,3.742940582123294,4.492442035050441,5512.820512820513,0.0002964389665701,1.3573750000000002,0.027,0.3214285714285714,0-0-1-1,IX0,common_voice_cv_18027008,group_0,1,fave,191.89217996066176,75.94835706211916,3,ҫынсене,0.0,0.0599999999999998,астӑвӑр,<eps>,ɕ,N,ɕ,N,internal,,,,
343.6128509003061,1882.9630386285328,2717.063512209087,3.585437267199864,3.6169044804644255,3.805524665114848,5333.333333333333,3.69009267911e-05,1.519375,0.031,0.3297872340425531,0-0-1-4,EY0,common_voice_cv_18027008,group_0,1,fave,177.3114365159411,77.27028038753036,3,ҫынсене,0.0,0.07,астӑвӑр,<eps>,S,N,S,N,internal,,,,
377.5691013676341,2310.6280096967284,2594.12860023806,3.422353673947795,3.7614972508128353,3.8767362333040256,5512.820512820513,0.00017088417117,1.6273750000000002,0.027,0.3214285714285714,0-0-1-6,EY1,common_voice_cv_18027008,group_0,1,fave,216.83011006574648,79.27790844849198,3,ҫынсене,1.0,0.0599999999999998,астӑвӑр,<eps>,N,#,N,SIL,final,,,,
368.6459678406142,2018.709398426912,2779.004120774777,3.168309549537043,4.040707202149631,3.655118915341955,4615.384615384615,0.0004039520349391,2.427375,0.027,0.3214285714285714,0-0-4-1,EY1,common_voice_cv_18027008,group_0,1,fave,220.01429107491603,77.24630848667358,3,ҫеҫ,1.0,0.06,чарӑнура,антарса,ɕ,ɕ,ɕ,ɕ,internal,,,,
362.25256629711663,2110.9066136027964,2870.95206580225,3.4497521609702115,3.84114402224446,3.474988219622692,5153.846153846154,0.0022104808769504,1.691375,0.0349999999999999,0.3365384615384614,0-0-2-0,SIL,common_voice_cv_18027008,group_0,1,fave,252.4872982794575,72.58261876455104,3,<eps>,,0.08,ҫынсене,чарӑнура,#,#,EY1,tʃ,coextensive,,,,
852.249064638015,1578.8968183944153,2215.454470910769,4.271385657400549,4.220936168652697,4.355820510151783,3717.948717948718,0.129838109286693,3.708328125,0.129,0.3324742268041236,0-0-8-0,SIL,common_voice_cv_18027008,group_0,1,fave,,45.08697477673758,3,<eps>,,0.3636300000000001,юрать,#,#,#,T,,coextensive,,,,
698.1126227284528,1599.7029996916929,2425.221134614918,4.167245042073816,3.8919306197215846,3.997164211581924,5333.333333333333,0.002709162920538,1.856375,0.045,0.335820895522388,0-0-3-1,AA0,common_voice_cv_18027008,group_0,1,fave,213.6697500026531,79.8273232849518,3,чарӑнура,0.0,0.1099999999999998,<eps>,ҫеҫ,tʃ,R,tʃ,R,internal,,,,
470.1418912142304,1661.961287647075,2699.5799024124667,4.256816891469701,3.426941404143744,3.941960709068004,5333.333333333333,0.0016577343977888,2.599375,0.031,0.3297872340425531,0-0-5-0,AA0,common_voice_cv_18027008,group_0,1,fave,197.5574547862239,73.39098022111762,3,антарса,0.0,0.0700000000000002,ҫеҫ,хӑварма,#,N,ɕ,N,initial,,,,
377.0548291270998,1663.0732744286836,2442.2418815189835,3.248140514238419,3.3396255973666578,4.729076444175181,5871.794871794871,0.0007555651967911,3.369375,0.031,0.3297872340425531,0-0-7-1,UW0,common_voice_cv_18027008,group_0,1,fave,210.38484507394975,78.26923530957157,3,юрать,0.0,0.0700000000000002,хӑварма,<eps>,J,R,J,R,internal,,,,
