F1,F2,F3,B1,B2,B3,max_formant,smooth_error,time,rel_time,prop_time,id,label,file_name,group,speaker_num,point_heuristic,f0,intensity,optimized,word,dur,pre_word,fol_word,pre_seg,fol_seg,abs_pre_seg,abs_fol_seg,context,phon_stress,sidx,sN,syl_pos,syl_open_closed
316.6248550246504,1000.063185362508,1636.5261407341698,3.971188410782294,3.025334233648298,4.182098906405574,3358.974358974359,0.009640094743859,0.05875,0.071,0.3317757009345794,0-0-0-0,SIL,utterance_025993,group_0,1,fave,,13.741626451572127,2,SIL,0.19,#,IXTL.'AA,#,#,SIL,IX0 [sidx=1/sN=2/pos=initial/oc=closed],coextensive,,,,,
289.3629422391272,984.6218292655924,1558.867310382693,3.713474462537036,3.095181885149505,4.052500683370999,3358.974358974359,0.005844278799741,1.902375,0.037,0.324561403508772,0-0-5-0,SIL,utterance_025993,group_0,1,fave,,10.844893664733704,2,SIL,0.09,UWɕL.AANK.AHR.'AA,#,#,#,AA1 [sidx=4/sN=4/pos=final/oc=open],,coextensive,,,,,
383.2797750446514,1013.9453130336886,1534.23771597447,3.625246321379061,3.1820150077939275,3.539991605168897,3179.48717948718,0.0055246335949536,0.201375,0.035,0.3365384615384615,0-0-1-0,IX,utterance_025993,group_0,1,fave,232.99731602800676,69.92517372738493,2,IXTL.'AA,0.08,SIL,'T.AA,#,T,SIL,T,initial,0.0,1.0,2.0,initial,closed
722.0402634326668,1546.7601381907257,3084.5153084362555,2.960211695015667,3.7430271193760216,4.076208921072254,6410.25641025641,7.6654298794e-05,0.412375,0.037,0.3245614035087719,0-0-1-3,AA,utterance_025993,group_0,1,fave,208.62621886992756,81.79038775968671,2,IXTL.'AA,0.0899999999999999,SIL,'T.AA,L,#,L,T,final,1.0,2.0,2.0,final,open
785.8959725722309,1624.892084867,2267.7608521667457,3.290864643943741,3.6654210988106,4.007395379491864,5871.794871794871,0.0002524310106675,0.8673749999999999,0.047,0.3263888888888889,0-0-3-3,AA,utterance_025993,group_0,1,fave,257.766270520865,79.47130691482288,2,ɕ.'AAR.AA,0.12,'T.AA,UWɕL.AANK.AHR.'AA,R,#,R,UW0 [sidx=1/sN=4/pos=initial/oc=open],final,1.0,2.0,2.0,final,open
545.9578955444108,961.129772235893,1850.207143270832,2.8995493242415926,3.650757842005785,4.121021174914355,3538.4615384615386,6.14475450785e-05,0.576375,0.025,0.3378378378378378,0-0-2-1,AA,utterance_025993,group_0,1,fave,273.44281902406345,79.63982418650156,2,'T.AA,0.05,IXTL.'AA,ɕ.'AAR.AA,T,#,T,ɕ,final,1.0,1.0,1.0,initial,open
723.6582004156913,2088.0554365631565,2940.550738822655,3.266719815186456,3.164966523456165,3.66151435465218,6051.282051282051,0.0001322252936502,0.731375,0.035,0.3365384615384615,0-0-3-1,AA,utterance_025993,group_0,1,fave,280.5095985657395,79.99121205528212,2,ɕ.'AAR.AA,0.08,'T.AA,UWɕL.AANK.AHR.'AA,ɕ,R,ɕ,R,internal,0.0,1.0,2.0,initial,open
523.80404768125,1019.9662912063752,3136.291643186088,3.056925850958587,3.621319023096269,3.7345918595076375,5333.333333333333,4.13443582744e-05,0.976375,0.025,0.3378378378378379,0-0-4-0,UW,utterance_025993,group_0,1,fave,252.04163693695745,77.14124334925731,2,UWɕL.AANK.AHR.'AA,0.05,ɕ.'AAR.AA,SIL,#,ɕ,AA1 [sidx=2/sN=2/pos=final/oc=open],ɕ,initial,0.0,1.0,4.0,initial,open
803.5242884306047,1456.8958571885346,2246.8036346627414,3.542442765339921,3.452437846387753,5.050390496796601,4974.358974358975,0.0009502711972741,1.209375,0.031,0.3297872340425531,0-0-4-3,AA,utterance_025993,group_0,1,fave,245.02703362865884,78.74662966718881,2,UWɕL.AANK.AHR.'AA,0.07,ɕ.'AAR.AA,SIL,L,N,L,N,internal,0.0,2.0,4.0,med,closed
585.862097890566,1511.2577911071892,2493.205161407866,3.195977279450461,3.555047202390881,5.07542273528156,4615.384615384615,0.0001578991785577,1.426375,0.025,0.3378378378378378,0-0-4-6,AH,utterance_025993,group_0,1,fave,213.05958951234692,76.03177370407661,2,UWɕL.AANK.AHR.'AA,0.05,ɕ.'AAR.AA,SIL,K,R,K,R,internal,0.0,3.0,4.0,med,open
893.7587161656082,1759.652132449186,2758.607385949174,3.640148023949841,3.845856374067593,4.291631972006735,6051.282051282051,0.0136498023709088,1.5713750000000002,0.135,0.3341584158415842,0-0-4-8,AA,utterance_025993,group_0,1,fave,175.84813146554424,70.13159875836644,2,UWɕL.AANK.AHR.'AA,0.3799999999999999,ɕ.'AAR.AA,SIL,R,#,R,SIL,final,1.0,4.0,4.0,final,open
