F1,F2,F3,B1,B2,B3,max_formant,smooth_error,time,rel_time,prop_time,id,label,file_name,group,speaker_num,point_heuristic,f0,intensity,optimized,word,stress,dur,pre_word,fol_word,pre_seg,fol_seg,abs_pre_seg,abs_fol_seg,context,sidx,sN,syl_pos,syl_open_closed
858.4985960849507,1436.9194901565156,2775.5071459662727,3.4936889151693946,3.928376968092086,3.9135184310878,5871.794871794871,0.0001206608587076,0.0413749999999999,0.0349999999999999,0.3365384615384614,0-0-0-1,AA1,utterance_001651,group_0,1,fave,290.2783732013918,79.22233517006929,6,ман,1.0,0.08,#,ача,M,N,M,N,internal,,,,
726.3276062685379,1939.665018151408,2879.5244095857456,3.725176943255896,3.806690722305266,3.827043763292764,6051.282051282051,0.0006792580174075,0.3723749999999999,0.037,0.324561403508772,0-0-1-2,AA1,utterance_001651,group_0,1,fave,312.66694264309365,79.15906526723857,6,ача,1.0,0.09,ман,шайба,tʃ,#,tʃ,SH,final,,,,
658.175795165023,1298.6373423378636,2330.3031381112582,3.4074149069625013,3.813480152043568,3.61269605822077,5333.333333333333,0.0032918099897159,0.7173749999999999,0.047,0.3263888888888889,0-0-2-4,AA1,utterance_001651,group_0,1,fave,258.87769875420645,79.4892871926449,6,шайба,1.0,0.12,ача,кӗртсе,B,#,B,K,final,,,,
725.6179775050023,1978.9152421272845,2665.1283468399874,3.4968813047832272,3.860118834291416,3.737628074592558,6230.769230769231,0.0002969893448006,1.196375,0.045,0.3358208955223881,0-0-4-1,AA1,utterance_001651,group_0,1,fave,277.4702717005272,80.0408473888276,6,ячӗ,1.0,0.1100000000000001,кӗртсе,<eps>,J,tʃ,J,tʃ,internal,,,,
624.5692867252632,1645.658421102808,2819.338580025899,3.333437526151968,3.66948333757968,3.276703711696558,5512.820512820513,0.000681834043698,0.164375,0.041,0.3306451612903226,0-0-1-0,AA0,utterance_001651,group_0,1,fave,297.77198989662827,79.5466862490095,6,ача,0.0,0.1,ман,шайба,#,tʃ,N,tʃ,initial,,,,
747.7948629283845,1845.3327997460565,2848.2513681617315,3.323588332968657,3.687297506859264,3.72758127767254,5871.794871794871,0.0008656584383323,0.5523750000000001,0.037,0.324561403508772,0-0-2-1,AA0,utterance_001651,group_0,1,fave,334.53984584211884,80.16531786473193,6,шайба,0.0,0.0899999999999999,ача,кӗртсе,SH,J,SH,J,internal,,,,
639.8617720923746,1722.9508919452635,2806.537853125402,3.64507142526323,3.9924692075870274,3.5823581547169963,5871.794871794871,0.0005219366600378,1.0673750000000002,0.027,0.3214285714285714,0-0-3-5,EY1,utterance_001651,group_0,1,fave,277.2201533408427,80.01106251717093,6,кӗртсе,1.0,0.06,шайба,ячӗ,S,#,S,J,final,,,,
710.7847946684427,2797.753557059946,3666.2806665552025,4.646827375387481,4.118900123641534,4.727233353969435,8564.102564102563,0.0307866029149833,1.4012578125,0.075,0.3289473684210527,0-0-5-0,SIL,utterance_001651,group_0,1,fave,164.5470909817631,79.48753752122576,6,<eps>,,0.2030599999999998,ячӗ,#,#,#,EH0,,coextensive,,,,
