F1,F2,F3,B1,B2,B3,max_formant,smooth_error,time,rel_time,prop_time,id,label,file_name,group,speaker_num,point_heuristic,f0,intensity,optimized,word,dur,pre_word,fol_word,pre_seg,fol_seg,abs_pre_seg,abs_fol_seg,context,phon_stress,sidx,sN,syl_pos,syl_open_closed
318.13190856043485,1001.6368618747435,1580.28717846365,3.619221843567168,3.121464235905296,4.0457037451492,3179.48717948718,0.0181422261984463,0.10275,0.1149999999999999,0.3343023255813953,0-0-0-0,SIL,utterance_015137,group_0,1,fave,,20.897028337408475,3,SIL,0.32,#,P.'UWL.AAT,#,#,SIL,P,coextensive,,,,,
355.0597025401517,1051.9270627517528,1543.2148964833902,3.441553712429606,3.466552363236463,4.08924151252207,3179.48717948718,0.0123691200309386,1.791375,0.155,0.334051724137931,0-0-4-0,SIL,utterance_015137,group_0,1,fave,,23.912477609332985,3,SIL,0.4400000000000001,ɕ.'AAPL.AA,#,#,#,AA1 [sidx=2/sN=2/pos=final/oc=open],,coextensive,,,,,
419.4478401147117,776.6822870741781,1529.806866071651,2.6429234408116846,3.085100610100505,4.278580626169872,3358.974358974359,0.0024636481322987,0.3793749999999999,0.031,0.3297872340425531,0-0-1-1,UW,utterance_015137,group_0,1,fave,227.0664852020516,81.35040667448129,3,P.'UWL.AAT,0.07,SIL,'ɕK.EY,P,L,P,L,internal,0.0,1.0,2.0,initial,open
779.3517512718241,1442.8244636962409,3141.2349782473134,3.244488876553343,3.291768689657568,3.779772323829013,5512.820512820513,0.0001599289068242,0.544375,0.041,0.3306451612903226,0-0-1-3,AA,utterance_015137,group_0,1,fave,185.1963957726009,82.19779480461264,3,P.'UWL.AAT,0.0999999999999999,SIL,'ɕK.EY,L,T,L,T,internal,1.0,2.0,2.0,final,closed
461.396149168771,2477.3921935968124,2867.647517214004,3.505123606215777,3.259951517932792,4.000285098720985,4974.358974358975,4.95372719053e-05,0.866375,0.025,0.3378378378378378,0-0-2-2,EY,utterance_015137,group_0,1,fave,274.8275976326016,81.62131116537081,3,'ɕK.EY,0.05,P.'UWL.AAT,ɕ.'AAPL.AA,K,#,K,ɕ,final,1.0,1.0,1.0,initial,open
627.8257432482645,2061.658432860417,2928.068277333069,3.290068131453841,3.506770839620116,4.3542823053678,5692.307692307692,8.8463051445e-05,1.011375,0.035,0.3365384615384615,0-0-3-1,AA,utterance_015137,group_0,1,fave,256.8709295253371,83.13571384392554,3,ɕ.'AAPL.AA,0.08,'ɕK.EY,SIL,ɕ,P,ɕ,P,internal,0.0,1.0,2.0,initial,closed
880.014802248117,1710.6534365714783,2997.39296261976,3.772869406768298,3.891700985070727,4.163752554480693,6589.74358974359,0.0159830936537845,1.326375,0.165,0.3340080971659919,0-0-3-4,AA,utterance_015137,group_0,1,fave,251.30503696355865,79.13946909593514,3,ɕ.'AAPL.AA,0.47,'ɕK.EY,SIL,L,#,L,SIL,final,1.0,2.0,2.0,final,open
