F1,F2,F3,B1,B2,B3,max_formant,smooth_error,time,rel_time,prop_time,id,label,file_name,group,speaker_num,point_heuristic,f0,intensity,optimized,word,stress,dur,pre_word,fol_word,pre_seg,fol_seg,abs_pre_seg,abs_fol_seg,context,sidx,sN,syl_pos,syl_open_closed
356.8593157714537,1005.2331298223096,1599.3501854714525,3.7989078789239312,2.841203196454664,4.098844256786758,3179.48717948718,0.0219629031203308,0.17675,0.189,0.3351063829787233,0-0-0-0,SIL,utterance_014485,group_0,1,fave,,18.39098905893598,5,<eps>,,0.54,#,афанасий,#,#,SIL,AA0,coextensive,,,,
580.2874007895654,1045.5086785511094,1634.1954784421548,3.621119572660937,3.6400421932028295,3.3389246621130555,3179.48717948718,0.0118919014540932,4.816375,0.145,0.3341013824884792,0-0-9-0,SIL,utterance_014485,group_0,1,fave,,34.33996364875196,5,<eps>,,0.4100000000000001,пурӑнса,лозневой,#,#,AA1,spn,coextensive,,,,
932.8620303249804,1877.87019963781,3183.4563108413627,4.029796034162219,3.9301072162086017,4.716720810259238,5871.794871794871,0.0141225881635642,7.939375,0.211,0.332807570977918,0-0-15-0,SIL,utterance_014485,group_0,1,fave,,34.93294677989703,5,<eps>,,0.6099999999999994,пултараймарӗ,<unk>,#,#,EH0,spn,coextensive,,,,
537.077940772694,1835.9590850552308,3172.406147268476,3.630944692322136,3.604301884009316,3.918428719691748,6230.769230769231,0.0667569321403007,8.818375,0.129,0.3359374999999999,0-0-17-0,SIL,utterance_014485,group_0,1,fave,207.3420262997652,70.27385751156605,5,<eps>,,0.3599999999999994,<unk>,отрячӗ,#,#,spn,OW0,coextensive,,,,
250.95434768404616,772.2269649617376,1107.9064837347362,3.3718540305830413,3.195639409724976,4.190949289939554,3000.0,0.0500601070127626,10.642375,0.137,0.3309178743961352,0-0-21-0,SIL,utterance_014485,group_0,1,fave,215.46423151752668,56.54842852489064,5,<eps>,,0.3900000000000005,калакан,нимле,#,#,N,N,coextensive,,,,
650.1514417244019,847.7019403146252,1717.536548961324,3.097833330399476,3.820965673991542,3.744967498278723,3717.948717948718,0.0249036374321654,12.349375,0.071,0.3317757009345794,0-0-26-0,SIL,utterance_014485,group_0,1,fave,201.8141139805792,53.9669680040852,5,<eps>,,0.1899999999999995,та,илтеймерӗ,#,#,AA1,IY0,coextensive,,,,
356.5981551548924,730.9369731339359,1219.605514703085,3.72516152072521,3.2448633051291123,3.982108181326304,3000.0,0.0330313463550356,13.249375,0.131,0.3324873096446699,0-0-29-0,SIL,utterance_014485,group_0,1,fave,157.2123308140713,53.88068886330085,5,<eps>,,0.370000000000001,вӑл,#,#,#,L,,coextensive,,,,
1172.028122191855,1607.7742498539562,3023.743081197228,4.080434260063276,4.008311848052089,3.816057460253533,6230.769230769231,0.002279170422127,0.5523750000000001,0.037,0.3245614035087719,0-0-1-0,AA0,utterance_014485,group_0,1,fave,220.20267997644103,75.88715448908542,5,афанасий,0.0,0.0899999999999999,<eps>,шошин,#,F,SIL,F,initial,,,,
867.6931830768146,1442.4242077913718,2880.88818747933,3.609116987696972,3.3167811284602786,3.504923647985954,6410.25641025641,0.0003607609239553,0.762375,0.037,0.3245614035087719,0-0-1-2,AA0,utterance_014485,group_0,1,fave,233.94524078841616,82.46384408679924,5,афанасий,0.0,0.0899999999999999,<eps>,шошин,F,N,F,N,internal,,,,
864.5138013191778,1821.9958784635808,3319.164684446374,3.897209299220705,3.178749247992028,3.3501834355856985,6589.74358974359,0.0001805097927335,0.924375,0.041,0.3306451612903226,0-0-1-4,AA0,utterance_014485,group_0,1,fave,236.3460679139352,80.06622609713554,5,афанасий,0.0,0.0999999999999999,<eps>,шошин,N,S,N,S,internal,,,,
827.4779657591881,1409.6942905271565,3028.1837147743577,3.8324600386461545,3.363551103989453,3.8984912206173736,6230.769230769231,0.0001383298481685,2.872375,0.037,0.3245614035087719,0-0-4-4,AA0,utterance_014485,group_0,1,fave,218.9699074299225,82.582342701674,5,вӑрманти,0.0,0.0900000000000003,партизансен,пӳртӗнче,M,N,M,N,internal,,,,
703.8422018749412,1921.7981340286824,2614.468767029393,3.907843674092405,3.5425038365772155,4.152283576202832,6948.717948717948,0.0001334447570514,7.319374999999999,0.031,0.3297872340425531,0-0-14-6,AA0,utterance_014485,group_0,1,fave,193.8587962918259,70.64170623134858,5,пултараймарӗ,0.0,0.0700000000000002,тума,<eps>,R,J,R,J,internal,,,,
750.2569352810494,1564.233224583927,2839.865686533932,3.692175050646671,3.5605892756396877,3.399513028617485,7307.692307692308,1.22448764182e-05,10.117375,0.027,0.3214285714285714,0-0-20-1,AA0,utterance_014485,group_0,1,fave,220.6836571706456,72.71179617088748,5,калакан,0.0,0.0600000000000005,ҫинчен,<eps>,K,L,K,L,internal,,,,
840.0548793698313,1584.0158193242291,3054.242383810772,3.631465530810632,3.5379177723144157,3.4634226406624324,6230.769230769231,0.0001549755314467,10.254375,0.041,0.3306451612903226,0-0-20-3,AA0,utterance_014485,group_0,1,fave,197.40427485434824,71.2603280542899,5,калакан,0.0,0.0999999999999996,ҫинчен,<eps>,L,K,L,K,internal,,,,
821.1296811711535,1356.4648936612937,2614.0044606468264,3.581574380414579,3.4007068095726773,3.602487195108191,6051.282051282051,1.04470151262e-05,11.427375,0.027,0.3214285714285714,0-0-23-1,AA0,utterance_014485,group_0,1,fave,218.617875759071,75.81176811993915,5,паха,0.0,0.0600000000000005,нимле,хыпар,P,χ,P,χ,internal,,,,
507.9467490181119,1036.391590996397,2888.542251854154,3.2745266599521403,3.3217666719454844,4.208088505990671,5692.307692307692,0.0004800505200069,1.384375,0.041,0.3306451612903226,0-0-2-1,OW0,utterance_014485,group_0,1,fave,254.30486290004472,82.65978081773576,5,шошин,0.0,0.0999999999999998,афанасий,партизансен,SH,SH,SH,SH,internal,,,,
612.6665452846515,1233.9236241089384,3233.4198702623094,3.1441015186241104,3.107779036574822,3.3287322759039317,5871.794871794871,1.6449012102063343e-06,9.126375,0.025,0.3378378378378378,0-0-18-0,OW0,utterance_014485,group_0,1,fave,203.06831939590896,70.92273485991969,5,отрячӗ,0.0,0.0500000000000007,<eps>,ҫинчен,#,T,SIL,T,initial,,,,
433.0290191827557,2571.177548332292,3211.0215349294067,2.937008064582609,3.415354655782809,3.649573600472406,6051.282051282051,9.9972606842e-05,3.0613749999999995,0.035,0.3365384615384615,0-0-4-7,IY1,utterance_014485,group_0,1,fave,237.77483005948247,78.73373430547743,5,вӑрманти,1.0,0.08,партизансен,пӳртӗнче,T,#,T,P,final,,,,
414.9930940294445,2297.4146992297697,2996.057484600805,3.0025832343395646,3.0575062674537925,3.6371741930551695,5512.820512820513,2.26580980492e-05,3.377375,0.027,0.3214285714285714,0-0-5-4,EH0,utterance_014485,group_0,1,fave,224.71365467724613,78.73754084091028,5,пӳртӗнче,0.0,0.06,вӑрманти,пӗр,T,N,T,N,internal,,,,
533.0121238409762,2447.0117625219136,3072.0836042118444,3.3709183537263465,3.624811560403741,3.642747405629544,6589.74358974359,0.0003553445098631,7.721375,0.0549999999999999,0.3353658536585365,0-0-14-11,EH0,utterance_014485,group_0,1,fave,170.9424969884881,64.44683271747532,5,пултараймарӗ,0.0,0.1399999999999996,тума,<eps>,R,#,R,SIL,final,,,,
420.7855638031612,2338.5866757414915,3079.356338119317,2.9117585023027264,3.2706194706198835,4.077203770094965,5512.820512820513,0.0001066854900509,9.551375,0.035,0.3365384615384615,0-0-18-6,EH0,utterance_014485,group_0,1,fave,236.0897499143066,69.4620010063582,5,отрячӗ,0.0,0.08,<eps>,ҫинчен,tʃ,#,tʃ,ɕ,final,,,,
541.1419191459535,2014.974666626004,2724.837446261359,3.3501850369739934,3.4136234682382995,3.4217303314077827,6051.282051282051,1.48616165832e-05,12.987375,0.027,0.3214285714285714,0-0-27-8,EH0,utterance_014485,group_0,1,fave,181.1022875379863,67.68147572833863,5,илтеймерӗ,0.0,0.0599999999999987,<eps>,вӑл,R,#,R,V,final,,,,
461.62365962487337,2374.4531343715603,3001.656930177204,2.565203783427405,3.378652091167221,3.9668332288585866,6051.282051282051,0.0001411528554057,3.571375,0.035,0.3365384615384615,0-0-5-7,EY1,utterance_014485,group_0,1,fave,241.0066866741878,80.53061790560133,5,пӳртӗнче,1.0,0.08,вӑрманти,пӗр,tʃ,#,tʃ,P,final,,,,
455.178323147925,2694.178107198674,3383.172813387848,3.4759007751572666,3.3019423245725537,3.576995713026768,6410.25641025641,0.0003703469605252,4.084375,0.041,0.3306451612903227,0-0-7-3,EY1,utterance_014485,group_0,1,fave,229.3917526777333,76.89967162390359,5,эрне,1.0,0.0999999999999996,пӗр,пурӑнса,N,#,N,P,final,,,,
481.7543652347509,2744.214311133057,3374.9042863401787,3.4738437284445656,3.2532811283803835,3.579983785874076,6230.769230769231,0.0005125954399163,6.544375,0.041,0.3306451612903226,0-0-12-5,EY1,utterance_014485,group_0,1,fave,220.90149908218967,69.42590411710268,5,янине,1.0,0.0999999999999996,хушса,тума,N,#,N,T,final,,,,
445.543920841783,2481.0332628831497,3117.257011146131,2.6720630328201582,3.428020339847419,3.864502873403413,6769.2307692307695,0.0001392166069249,9.904375000000002,0.041,0.3306451612903226,0-0-19-4,EY1,utterance_014485,group_0,1,fave,232.2008726711936,72.40872363869558,5,ҫинчен,1.0,0.0999999999999996,отрячӗ,калакан,tʃ,N,tʃ,N,internal,,,,
406.9708566416271,2363.6527758958314,3024.55912103266,2.715819985489761,3.525908582596097,3.8920463783551984,6051.282051282051,0.001513823401243,11.232375,0.037,0.324561403508772,0-0-22-4,EY1,utterance_014485,group_0,1,fave,216.9530483637241,73.06340911819336,5,нимле,1.0,0.0899999999999998,<eps>,паха,L,#,L,P,final,,,,
522.2480586183494,2499.3722717454866,3097.6606793545934,3.3429783555423143,3.4342930217810563,3.4857379583237726,6410.25641025641,0.0001601626464837,12.836375,0.045,0.335820895522388,0-0-27-6,EY1,utterance_014485,group_0,1,fave,196.38818820095295,69.16295516065763,5,илтеймерӗ,1.0,0.1099999999999994,<eps>,вӑл,M,R,M,R,internal,,,,
523.9371538168846,1711.2613182174705,2748.4898336721667,3.5415103378188086,3.247656604025652,3.7739787156384543,6051.282051282051,5.19112751504e-05,3.767375,0.027,0.3214285714285714,0-0-6-1,EH2,utterance_014485,group_0,1,fave,239.4467560147976,79.7897868308158,5,пӗр,2.0,0.06,пӳртӗнче,эрне,P,R,P,R,internal,,,,
535.487250200117,2075.764565912442,2937.6313991570896,3.444920699054215,3.5246720281042467,4.031815882736462,6410.25641025641,0.0001334074644013,3.876375,0.045,0.335820895522388,0-0-7-0,EY0,utterance_014485,group_0,1,fave,228.5082146843041,78.3897970441183,5,эрне,0.0,0.1100000000000003,пӗр,пурӑнса,#,R,R,R,initial,,,,
389.3128032915118,2785.457286752762,3402.437708614702,2.725541776667254,3.448093181335748,3.5651471226576845,6410.25641025641,8.464515731003082e-06,12.637375,0.027,0.3214285714285714,0-0-27-3,EY0,utterance_014485,group_0,1,fave,218.183731715636,70.41801764688503,5,илтеймерӗ,0.0,0.0599999999999987,<eps>,вӑл,T,J,T,J,internal,,,,
487.5524302874079,913.940525095104,3100.8652541187785,2.8563894153215594,3.348752419706185,3.396051880190692,6589.74358974359,0.00012788286185,4.267375,0.027,0.3214285714285714,0-0-8-1,UW0,utterance_014485,group_0,1,fave,224.24861846884676,74.83595989368274,5,пурӑнса,0.0,0.0600000000000005,эрне,<eps>,P,R,P,R,internal,,,,
500.10182597146456,762.0492609924478,3125.238953327558,2.916201485509984,3.453829748834136,3.711946465219799,6051.282051282051,0.0067535028543896,5.857375,0.027,0.3214285714285714,0-0-11-1,UW0,utterance_014485,group_0,1,fave,230.73582527814588,69.80946100012847,5,хушса,0.0,0.0600000000000005,лозневой,янине,χ,SH,χ,SH,internal,,,,
425.7669729259709,1181.9080939325077,3094.1199561619737,2.791832484619731,3.063837416278115,3.1644454843761864,4974.358974358975,5.22719699296e-05,6.737375000000001,0.027,0.3214285714285714,0-0-13-1,UW0,utterance_014485,group_0,1,fave,219.3665126427018,67.92117343638581,5,тума,0.0,0.0599999999999996,янине,пултараймарӗ,T,M,T,M,internal,,,,
547.3858322125132,1303.48697874735,2970.7014614494183,3.733961761019368,3.264863654557438,3.7850752575273177,5871.794871794871,3.74474082507e-05,4.367375000000001,0.027,0.3214285714285714,0-0-8-3,AH0,utterance_014485,group_0,1,fave,206.4170737175148,75.02550100935633,5,пурӑнса,0.0,0.0599999999999996,эрне,<eps>,R,N,R,N,internal,,,,
818.3922028227599,1713.923217075566,3050.555896246995,3.672132264203817,3.5843089823407066,3.963478686739992,6589.74358974359,0.0013671015634605,4.589375,0.071,0.3317757009345794,0-0-8-6,AA1,utterance_014485,group_0,1,fave,231.27205265632767,75.56278646424688,5,пурӑнса,1.0,0.1900000000000004,эрне,<eps>,S,#,S,SIL,final,,,,
758.5930672610308,1642.5460719097018,3136.782994063284,3.710556889022216,3.4997455382083573,3.649461942897468,6410.25641025641,5.76887451513e-05,6.079375,0.031,0.3297872340425531,0-0-11-4,AA1,utterance_014485,group_0,1,fave,229.8801889942825,74.75315102516367,5,хушса,1.0,0.0699999999999994,лозневой,янине,S,#,S,J,final,,,,
857.4518385111693,1315.9433248026637,2885.390419551675,3.620195668653877,3.205770998391274,3.443493130590867,6769.2307692307695,9.64550204571e-05,6.891375,0.0349999999999999,0.3365384615384615,0-0-13-3,AA1,utterance_014485,group_0,1,fave,208.97668341966263,74.60776493398113,5,тума,1.0,0.08,янине,пултараймарӗ,M,#,M,P,final,,,,
964.7368087435297,1605.838181376953,2783.8422888942005,3.7733781323170414,3.453258367223354,3.75429364855022,6051.282051282051,0.0001333475708808,7.537374999999999,0.047,0.3263888888888889,0-0-14-9,AA1,utterance_014485,group_0,1,fave,191.7356767713993,71.02183616663125,5,пултараймарӗ,1.0,0.1200000000000001,тума,<eps>,M,R,M,R,internal,,,,
706.9350209084081,2101.2507130727195,2719.658933796718,3.4107277601221293,3.6622962830058063,4.351622724367504,6589.74358974359,0.0007997005684322,9.356375,0.045,0.3358208955223881,0-0-18-4,AA1,utterance_014485,group_0,1,fave,231.16328928523265,73.2076101972314,5,отрячӗ,1.0,0.1099999999999994,<eps>,ҫинчен,J,tʃ,J,tʃ,internal,,,,
789.2023603003762,1667.0456889256498,2842.765444039389,3.74513799642418,3.6613367835762074,3.800825002336929,7128.205128205128,0.0005632810403447,10.429375,0.051,0.3311688311688311,0-0-20-5,AA1,utterance_014485,group_0,1,fave,227.5055679616746,73.30133639313927,5,калакан,1.0,0.129999999999999,ҫинчен,<eps>,K,N,K,N,internal,,,,
862.4429515239798,1419.5855362853958,2568.285315723455,3.916316371283298,3.3693416370142857,3.953249038232829,7128.205128205128,0.0002290286351248,11.596375,0.045,0.3358208955223881,0-0-23-3,AA1,utterance_014485,group_0,1,fave,230.74016587093573,72.62944698172633,5,паха,1.0,0.1099999999999994,нимле,хыпар,χ,#,χ,χ,final,,,,
755.9970043074944,1348.324862399117,2760.7329356321825,3.4658783025615603,3.2575009181737107,3.600620207067899,6230.769230769231,6.11843801323e-05,11.949375,0.031,0.3297872340425531,0-0-24-3,AA1,utterance_014485,group_0,1,fave,198.47286604774223,74.82654981400114,5,хыпар,1.0,0.0700000000000002,паха,та,P,R,P,R,internal,,,,
813.8068781435572,1774.219828695553,3015.790742005535,3.1702934533714107,3.615550752655566,3.3928904943241167,6410.25641025641,0.0007899898718056,12.184375,0.061,0.3315217391304348,0-0-25-1,AA1,utterance_014485,group_0,1,fave,212.31436238322055,71.76951307791073,5,та,1.0,0.1600000000000001,хыпар,<eps>,T,#,T,SIL,final,,,,
560.8614394481002,2333.1767382422527,3266.484629366168,3.804227844314138,3.316652974218952,3.476967234788531,5512.820512820513,6.79351724441e-05,6.3873750000000005,0.027,0.3214285714285714,0-0-12-3,IY0,utterance_014485,group_0,1,fave,208.09498710070744,66.58689167767793,5,янине,0.0,0.0600000000000005,хушса,тума,N,N,N,N,internal,,,,
296.0587851047451,2527.025067677733,3169.2726866151866,3.216748893593856,3.474471893154893,3.779218225243095,6230.769230769231,2.48975129705e-05,9.697375,0.027,0.3214285714285714,0-0-19-1,IY0,utterance_014485,group_0,1,fave,212.73268337745745,65.34375517039022,5,ҫинчен,0.0,0.0600000000000005,отрячӗ,калакан,ɕ,N,ɕ,N,internal,,,,
341.5994596145334,2847.6048304013566,3653.844337526365,3.5361164204055155,2.820657618924587,3.5840385980647,6230.769230769231,0.0022894877620505,11.011375,0.035,0.3365384615384615,0-0-22-1,IY0,utterance_014485,group_0,1,fave,223.06357620909463,71.75008212296184,5,нимле,0.0,0.08,<eps>,паха,N,M,N,M,internal,,,,
487.2704784440766,1270.3866933796144,3201.930192938296,3.0998293685097607,2.879040770651894,3.3328367472141687,6051.282051282051,0.0001959993914389,11.799375,0.031,0.3297872340425531,0-0-24-1,IX0,utterance_014485,group_0,1,fave,224.08122893022684,69.44222442110411,5,хыпар,0.0,0.0700000000000002,паха,та,χ,P,χ,P,internal,,,,
519.7252079303407,1005.8820779391932,3139.4410875946533,3.3499824857926748,2.903722295494613,3.0929410633457395,6589.74358974359,1.26823365899e-05,13.099375,0.031,0.3297872340425531,0-0-28-1,AH2,utterance_014485,group_0,1,fave,167.40878167433186,65.98774721503746,5,вӑл,2.0,0.0700000000000002,илтеймерӗ,<eps>,V,L,V,L,internal,,,,
