F1,F2,F3,B1,B2,B3,max_formant,smooth_error,time,rel_time,prop_time,id,label,file_name,group,speaker_num,point_heuristic,f0,intensity,optimized,word,dur,pre_word,fol_word,pre_seg,fol_seg,abs_pre_seg,abs_fol_seg,context,phon_stress,sidx,sN,syl_pos,syl_open_closed
307.8485124137386,981.9887215971902,1550.7968943391236,3.776473705881607,2.8556990270202247,3.6818683840105817,3179.48717948718,0.0156063526285484,0.12475,0.137,0.3309178743961352,0-0-0-0,SIL,utterance_021951,group_0,1,fave,,19.50745577413154,4,SIL,0.39,#,'AAV.AH,#,#,SIL,AA1 [sidx=1/sN=2/pos=initial/oc=open],coextensive,,,,,
237.27108699735555,1000.8186342696688,1550.9386090931666,3.672963268104519,2.365459846114826,4.2482792091049255,3358.974358974359,9.52493477164e-05,2.176375,0.025,0.3378378378378378,0-0-5-0,SIL,utterance_021951,group_0,1,fave,,21.73530903877886,4,SIL,0.0500000000000002,P.'AHHH.AAT,#,#,#,T,,coextensive,,,,,
987.9936180332384,1372.4575181812486,2859.9487133876783,3.79704835221148,3.7187795199560822,3.9043919849366966,6769.2307692307695,0.0080983575803824,0.414375,0.061,0.3315217391304348,0-0-1-0,AA,utterance_021951,group_0,1,fave,207.27961845390377,77.66380544054367,4,'AAV.AH,0.16,SIL,'V.AHRɕ.AH,#,V,SIL,V,initial,1.0,1.0,2.0,initial,open
590.6855330730903,1104.2024129768909,3042.199776836305,3.299907191774182,2.9376771605821848,4.849722060788666,5153.846153846154,0.0001779901926103,0.649375,0.031,0.3297872340425531,0-0-1-2,AH,utterance_021951,group_0,1,fave,232.77162761029345,82.04354589222541,4,'AAV.AH,0.0699999999999999,SIL,'V.AHRɕ.AH,V,#,V,V,final,0.0,2.0,2.0,final,open
512.0190015332383,1849.3502882023215,3029.24491997379,3.286809640114585,3.592859370236205,4.493846448381539,5692.307692307692,0.0020667410096003,1.0293750000000002,0.031,0.3297872340425531,0-0-2-4,AH,utterance_021951,group_0,1,fave,266.73069237414205,81.34626583756057,4,'V.AHRɕ.AH,0.07,'AAV.AH,HH.AAPHH.'AAR.AAN,ɕ,#,ɕ,HH,final,0.0,2.0,2.0,final,open
941.7876053103548,1353.8106803551009,2971.628634438968,3.645149847845123,3.673054501567437,3.576759137563877,6410.25641025641,1.93283449389e-05,1.189375,0.031,0.3297872340425531,0-0-3-1,AA,utterance_021951,group_0,1,fave,250.2334668373812,81.01863676666513,4,HH.AAPHH.'AAR.AAN,0.07,'V.AHRɕ.AH,P.'AHHH.AAT,HH,P,HH,P,internal,0.0,1.0,3.0,initial,closed
933.572954890548,1450.317741909775,2775.8098836707613,3.3538562745925424,3.080156253922206,3.193056511232938,6230.769230769231,2.1358911349984104e-06,1.396375,0.025,0.3378378378378379,0-0-3-4,AA,utterance_021951,group_0,1,fave,252.4695759367169,82.55597231710823,4,HH.AAPHH.'AAR.AAN,0.05,'V.AHRɕ.AH,P.'AHHH.AAT,HH,R,HH,R,internal,0.0,2.0,3.0,med,open
816.7105558602915,1518.1874677695223,2353.0125780636326,3.540071127601216,3.661017659517285,4.230997421454847,6948.717948717948,0.0001430174324431,1.501375,0.0349999999999999,0.3365384615384614,0-0-3-6,AA,utterance_021951,group_0,1,fave,239.69262324561277,82.68261227729485,4,HH.AAPHH.'AAR.AAN,0.08,'V.AHRɕ.AH,P.'AHHH.AAT,R,N,R,N,internal,1.0,3.0,3.0,final,closed
816.9990354340298,1481.457407500474,2766.151134513169,3.4600826727106693,3.484222694662245,3.650023390361921,6589.74358974359,0.0003852952900628,1.854375,0.041,0.3306451612903226,0-0-4-3,AA,utterance_021951,group_0,1,fave,228.17507628534892,81.99094890256646,4,P.'AHHH.AAT,0.0999999999999998,HH.AAPHH.'AAR.AAN,SIL,HH,T,HH,T,internal,1.0,2.0,2.0,final,closed
