F1,F2,F3,B1,B2,B3,max_formant,smooth_error,time,rel_time,prop_time,id,label,file_name,group,speaker_num,point_heuristic,f0,intensity,optimized,word,stress,dur,pre_word,fol_word,pre_seg,fol_seg,abs_pre_seg,abs_fol_seg,context,sidx,sN,syl_pos,syl_open_closed
633.6773564759261,1156.6633792436894,1587.4634903053216,3.975173991300089,3.625176501209181,3.973929156235781,3000.0,0.098378447537481,0.651375,0.035,0.3365384615384615,0-0-1-0,AA1,common_voice_cv_33050144,group_0,1,fave,109.70973025434223,67.15434720964527,4,арӑм,1,0.0799999999999999,,чарӑну,#,R,,R,initial,,,,
451.583295060311,665.5028005266411,1163.6666027967908,3.39293831371778,3.428032608457757,3.3263762463276274,3358.974358974359,0.0004497772928777,0.917375,0.027,0.3214285714285714,0-0-1-2,AH0,common_voice_cv_33050144,group_0,1,fave,136.75941234805865,76.04503206394836,4,арӑм,0,0.0599999999999999,,чарӑну,R,M,R,M,internal,,,,
370.0380935925221,654.8279702393538,1254.4246764861257,3.630324280473896,3.105568073474388,3.8114619232580433,3538.4615384615386,2.98198608942e-05,1.226375,0.025,0.3378378378378378,0-0-2-1,AA0,common_voice_cv_33050144,group_0,1,fave,125.9955513295454,70.24394272045566,4,чарӑну,0,0.05,арӑм,еннелле,tʃ,R,tʃ,R,internal,,,,
280.1842386859544,487.6132769298315,770.2643730641785,3.186257699615637,3.6816952583176232,3.680836983038446,3538.4615384615386,0.0017749375329742,1.5473750000000002,0.027,0.3214285714285714,0-0-2-5,UW1,common_voice_cv_33050144,group_0,1,fave,119.88983579611634,70.76532244613826,4,чарӑну,1,0.06,арӑм,еннелле,N,#,N,J,final,,,,
281.764563016753,499.1192667567321,1637.9820917761235,3.3044650701375238,2.594877230001784,3.45420997097435,4076.923076923077,0.0688918498562497,2.2343750000000004,0.0809999999999999,0.3319672131147541,0-0-4-0,UW1,common_voice_cv_33050144,group_0,1,fave,127.44190215097736,66.71617222575244,4,утрӗ,1,0.2199999999999997,еннелле,,#,T,EY1,T,initial,,,,
257.23715886423616,545.7317471131879,1967.140276641712,2.686125662437038,3.395413554316977,2.2091707590425527,4076.923076923077,0.0186770504198991,1.7323749999999998,0.1169999999999999,0.3305084745762712,0-0-3-1,EY0,common_voice_cv_33050144,group_0,1,fave,118.64642900910854,70.99438024154662,4,еннелле,0,0.3299999999999998,чарӑну,утрӗ,J,nː,J,nː,internal,,,,
250.78022057340303,462.9041852747905,2150.968605534901,2.4520235133098254,2.8010281599655094,2.8553054684158323,3897.4358974358975,0.0024039922769478,2.091375,0.035,0.3365384615384615,0-0-3-3,EY0,common_voice_cv_33050144,group_0,1,fave,123.8025930424613,72.3462879814005,4,еннелле,0,0.08,чарӑну,утрӗ,nː,lː,nː,lː,internal,,,,
412.1146933518376,714.8811065292458,1237.00347564567,3.944117443340188,3.416690307528305,3.900305158719463,3538.4615384615386,0.0278162949584111,2.627375,0.047,0.3263888888888889,0-0-4-3,EH0,common_voice_cv_33050144,group_0,1,fave,97.59870469025596,65.931037003997,4,утрӗ,0,0.1200000000000001,еннелле,,R,#,R,,final,,,,
