F1,F2,F3,B1,B2,B3,max_formant,smooth_error,time,rel_time,prop_time,id,label,file_name,group,speaker_num,point_heuristic,f0,intensity,optimized,word,dur,pre_word,fol_word,pre_seg,fol_seg,abs_pre_seg,abs_fol_seg,context,phon_stress,sidx,sN,syl_pos,syl_open_closed
386.95865637417177,993.7235243136406,1535.6368437685444,3.714094261639175,2.924031142271203,4.099784124035359,3000.0,0.0240869574676496,0.11675,0.129,0.3359374999999999,0-0-0-0,SIL,utterance_001597,group_0,1,fave,,23.247355372495893,3,SIL,0.36,#,UXK.'EYRtʃ.EHK,#,#,SIL,UX0 [sidx=1/sN=3/pos=initial/oc=open],coextensive,,,,,
998.9353225283126,1904.8451908192244,2882.077151542458,3.572807187084378,4.554690501203227,4.348745574544711,5153.846153846154,0.0005463377405722,3.231375,0.0349999999999999,0.3365384615384614,0-0-8-0,SIL,utterance_001597,group_0,1,fave,,21.629050646892058,3,SIL,0.0799999999999996,M.AAR.'IYJK.AA,#,#,#,AA1 [sidx=3/sN=3/pos=final/oc=open],,coextensive,,,,,
365.5155568805897,939.4475554753988,1544.7049108959889,3.1921262100635075,3.028416380646264,4.104297172794726,3000.0,0.035008142937086,0.379375,0.051,0.3311688311688312,0-0-1-0,UX,utterance_001597,group_0,1,fave,186.30895780091308,75.41488686446009,3,UXK.'EYRtʃ.EHK,0.13,SIL,ɕ.'IYNtʃ.EY,#,K,SIL,K,initial,0.0,1.0,3.0,initial,open
438.65638683911993,2474.052501924222,2930.120200546711,2.63108269191703,3.470785821806785,3.076853267773072,6051.282051282051,9.75348564898e-05,0.581375,0.035,0.3365384615384615,0-0-1-2,EY,utterance_001597,group_0,1,fave,242.9257320420546,85.25011896829261,3,UXK.'EYRtʃ.EHK,0.08,SIL,ɕ.'IYNtʃ.EY,K,R,K,R,internal,1.0,2.0,3.0,med,open
253.7411800343445,653.0126820086939,1413.6062771587294,2.334012481774478,3.60998806088749,3.628019123912634,3000.0,3.57691867019e-05,0.976375,0.025,0.3378378378378378,0-0-2-1,IY,utterance_001597,group_0,1,fave,239.6808348509348,80.99552165744598,3,ɕ.'IYNtʃ.EY,0.05,UXK.'EYRtʃ.EHK,'ɕ.EYɕ,ɕ,N,ɕ,N,internal,0.0,1.0,2.0,initial,open
448.9619532033994,2377.2136033446604,2997.517223809772,2.7052110978028736,3.3962762399086066,3.7482199862982655,6948.717948717948,1.28091389972e-05,1.1193750000000002,0.031,0.3297872340425531,0-0-2-4,EY,utterance_001597,group_0,1,fave,236.3387883362328,84.77546175231288,3,ɕ.'IYNtʃ.EY,0.0699999999999998,UXK.'EYRtʃ.EHK,'ɕ.EYɕ,tʃ,#,tʃ,ɕ,final,1.0,2.0,2.0,final,open
437.01085318157,2431.870655674994,3013.0299506894594,2.6471000618973264,3.5389305803044278,3.712887105253178,6589.74358974359,4.51699884619e-05,1.282375,0.037,0.3245614035087719,0-0-3-1,EY,utterance_001597,group_0,1,fave,219.4569808618313,84.3547782317158,3,'ɕ.EYɕ,0.09,ɕ.'IYNtʃ.EY,'K.UWRN.AH,ɕ,ɕ,ɕ,ɕ,internal,1.0,1.0,1.0,initial,open
349.1442753105194,565.0192756414268,854.9256457421238,4.06052135394568,2.7492083568795427,3.221646436669064,3000.0,0.001439601770754,1.5473750000000002,0.027,0.3214285714285714,0-0-4-1,UW,utterance_001597,group_0,1,fave,255.32847266622403,84.90907610145071,3,'K.UWRN.AH,0.06,'ɕ.EYɕ,'HH.IYR.EHɕ,K,R,K,R,internal,1.0,1.0,2.0,initial,closed
627.5177407532295,1828.6347769211857,3283.042131037256,3.5753275270416225,3.9288383524403487,3.528129133028949,6948.717948717948,0.0003636158564466,1.751375,0.0349999999999999,0.3365384615384614,0-0-4-4,AH,utterance_001597,group_0,1,fave,207.022445575222,83.11546385450818,3,'K.UWRN.AH,0.08,'ɕ.EYɕ,'HH.IYR.EHɕ,N,#,N,HH,final,0.0,2.0,2.0,final,open
345.3409568478174,2545.61833604998,2963.5264827394867,2.919436374313254,3.535823321604879,3.453272097023373,5871.794871794871,4.06120831072e-05,1.957375,0.027,0.3214285714285714,0-0-5-1,IY,utterance_001597,group_0,1,fave,230.6754931823392,81.78362096070674,3,'HH.IYR.EHɕ,0.0599999999999998,'K.UWRN.AH,K.'AAL.AAR.EH,HH,R,HH,R,internal,1.0,1.0,2.0,initial,open
694.5083201469661,1645.706756657198,2968.730837281754,3.779956033796117,3.333923814163913,3.544902443510979,7128.205128205128,1.65487652638e-05,2.349375,0.031,0.3297872340425531,0-0-6-3,AA,utterance_001597,group_0,1,fave,195.1689667300437,81.11992769712393,3,K.'AAL.AAR.EH,0.0700000000000002,'HH.IYR.EHɕ,M.AAR.'IYJK.AA,L,R,L,R,internal,1.0,2.0,3.0,med,open
542.6337909452997,2321.507755427023,2990.950325530217,3.087872145247105,3.687684757958803,3.762864255843005,6410.25641025641,2.14929273672e-05,2.497375,0.027,0.3214285714285714,0-0-6-5,EH,utterance_001597,group_0,1,fave,184.39361140859285,80.54669548926648,3,K.'AAL.AAR.EH,0.0599999999999996,'HH.IYR.EHɕ,M.AAR.'IYJK.AA,R,#,R,M,final,0.0,3.0,3.0,final,open
796.0054466927315,1515.916685492887,2861.66752496886,4.137203110379296,3.432855584232475,3.6552036257731713,7307.692307692308,2.75115498077e-05,2.656375,0.025,0.3378378378378378,0-0-7-1,AA,utterance_001597,group_0,1,fave,178.77202536437986,78.4434534647733,3,M.AAR.'IYJK.AA,0.0500000000000002,K.'AAL.AAR.EH,SIL,M,R,M,R,internal,0.0,1.0,3.0,initial,open
472.2389692117387,2633.310406396157,3385.009693300582,3.6121315139852297,3.204417170446425,3.973805106345997,7128.205128205128,3.88510924474e-05,2.761375,0.035,0.3365384615384615,0-0-7-3,IY,utterance_001597,group_0,1,fave,178.31175001063252,75.95049057841847,3,M.AAR.'IYJK.AA,0.08,K.'AAL.AAR.EH,SIL,R,J,R,J,internal,0.0,2.0,3.0,med,closed
792.2080909928715,1665.2911949099775,2669.882938279962,4.135730292870522,3.956369520222651,4.491294032230522,6769.2307692307695,0.0196124181066775,3.042375,0.077,0.3290598290598291,0-0-7-6,AA,utterance_001597,group_0,1,fave,157.4492838595944,67.87867279443562,3,M.AAR.'IYJK.AA,0.2100000000000004,K.'AAL.AAR.EH,SIL,K,#,K,SIL,final,1.0,3.0,3.0,final,open
